- mean: 3.00005
- sigma: 2.00171
- median: 3.00038
- mean err: 0.00200171
